265042
917510
784563
775725
375483
207023
807644
139780
413857
795294
472028
084980
367389
720064
074366
869164
705016
451792
461726
537291
034602
405238
827964
448277
673030
745166
800662
814973
416857
778466
407261
952897
038348
602950
619034
409208
404179
781659
875284
785250
730295
063892
124859
765509
002669
842523
862186
892534
016457
794805
069715
093871
971963
189262
943598
526139
807701
330279
308451
218405
811339
853387
352411
187380
359849
248180
317130
744150
914079
275487
521841
016947
608782
078057
056419
657121
370280
512540
630513
047765
831265
380748
591785
488534
024718
754285
275703
791728
716033
846810
763422
358939
952084
685953
856954
934175
192029
719804
173928
319521
792903
216880
915172
683485
466587
171180
861573
401860
178605
608593
822985
731281
976464
936124
450228
515786
821919
905858
021776
790087
290194
971246
365871
166675
613891
599981
924973
650440
062984
735857
583673
760316
114435
367403
937442
692107
600315
320407
369796
293135
309755
694576
634057
182893
309321
159738
701575
628461
607741
247352
138130
803289
405317
601174
912002
252763
685406
554021
092720
057034
274939
303241
508249
653059
396692
726716
302430
189460
166478
616702
907461
273461
056107
130438
042610
957768
312287
184015
226754
346671
047963
185674
982033
514792
778382
857668
349256
325159
524064
684320
830516
920936
264901
710633
039525
829371
851994
039165
845910
714315
811386
285928
841443
654029
693093
328653
775274
319744
543168
688511
530025
043978
093201
061851
689217
214688
538170
697891
284501
329107
465926
678269
426121
573800
871704
653745
797101
672311
802637
899281
808170
774129
751728
389750
382112
246177
852091
482836
351586
195380
961249
752294
639093
101545
476054
819901
059435
395404
037581
785683
870247
245580
920215
299523
789420
021259
147929
869279
780835
204843
810653
359846
847049
272686
414954
518012
118656
327138
976491
204449
487216
658784
429590
549126
457188
094643
156829
175460
700896
829969
182854
823092
820432
139420
573182
667429
136878
138581
415307
947694
517260
109437
867807
812630
886456
264702
835990
604917
921011
343869
042756
898740
363208
334686
507678
273845
434167
311465
820793
168479
979366
254181
869081
478433
154732
044706
181120
042375
160857
149094
225497
014861
964153
302611
861197
967132
540642
082313
298459
624836
010675
714391
356417
780762
984579
277690
286770
424024
050152
227640
293873
272063
138441
203456
480589
654542
288919
768059
092446
260372
961601
071853
049670
847582
315039
954998
618641
589052
039592
754139
425320
095277
280737
091556
612528
140095
260893
630253
867732
539489
486329
891239
243599
594607
840632
831659
128209
310988
817621
756824
478513
164020
574324
256486
793891
220740
668505
217789
010247
509281
774184
149038
114389
021162
826974
835941
699305
539270
916085
740515
941360
669005
456854
968007
048102
401953
951465
436710
326073
045971
722728
355144
106537
941165
350277
576388
787080
218401
768038
838480
813159
270728
477396
962042
839751
002691
956195
689162
620495
408976
201678
240840
964608
958693
448023
620875
386049
196744
289193
640105
267044
467575
803819
982768
107121
714075
543758
960642
610052
684870
980792
220479
199095
977556
382097
004669
016796
874258
779341
306750
876861
577195
905314
972806
769136
388653
330715
638934
468987
136036
048119
027811
569479
656390
438016
425938
709346
900624
941770
415253
132880
539873
848095
420392
510980
862492
976652
472003
983059
211685
610051
629601
808315
157903
114863
286143
479401
231734
986586
642017
176057
563848
314050
854521
231131
776278
708595
252978
731968
438071
219078
507038
423970
419830
082243
120421
412933
219277
904871
971614
629129
819107
489346
351739
188087
061819
689723
658567
679050
694258
540516
861939
612385
762620
773800
054348
953411
976410
865789
324101
832414
605128
376271
852710
496120
214929
256541
140337
503925
945158
212772
480689
884963
342874
073794
145818
354963
308063
369025
267395
902220
991328
891297
126459
983160
086729
953736
264082
873967
145093
572121
499297
658357
501347
592216
588764
380906
613994
235339
395116
046141
045725
165322
234416
458216
461030
506244
413083
320847
720669
219024
858506
850961
640041
543205
470893
177540
234514
914871
626471
615172
750686
874370
238955
969471
680599
621352
377431
549038
431191
305136
646176
195037
690701
720900
112558
835079
352638
485107
043593
736268
826538
896089
753179
881717
949080
910213
013640
635308
162517
772601
950425
156763
543410
889063
019984
909845
749681
584276
588205
874194
551671
049908
427929
675742
944735
047563
541228
142968
859604
163408
943342
501863
224753
541278
488221
808223
295070
279358
463967
805679
403317
260968
445113
287645
469063
186903
094837
036264
378091
157835
811005
335841
823109
830902
612622
982401
759301
271943
167024
370973
098530
091643
200248
752142
823321
207486
336513
425240
790408
574209
270961
841609
630438
193698
154120
016993
473580
138077
849976
235283
134019
020877
320144
409861
629793
315683
490952
239427
984617
245780
277860
842501
367630
143790
990705
793374
681249
195976
123459
678682
411099
782930
101368
564138
607557
928839
349253
468540
134542
491571
032656
164356
618854
640064
152697
960125
286499
296849
446660
698274
249978
324397
031051
899624
922962
082372
000561
647055
987120
281304
680204
994822
635370
428769
258779
335349
121604
510503
442107
946727
587292
300446
860535
271252
918085
322310
373628
675215
694145
068517
518137
109544
204852
450086
483961
566890
822605
883137
235043
029436
626347
929206
483756
004931
625787
017492
760534
726140
772191
754628
802005
588843
575961
172035
250337
627026
785603
124306
548153
188694
376411
507739
210850
619446
072309
544722
655041
915752
127598
573293
110827
975243
465310
954656
165296
373598
086954
184698
396442
883640
874189
649149
225961
570193
256806
290887
003739
768009
249357
234549
580609
646135
013195
826503
990811
713449
217994
253449
468855
509221
686520
032865
009764
328220
364292
350748
104468
045781
860981
160378
868342
709436
344281
907638
850652
280528
471450
514708
124596
385267
579307
607362
614973
429260
963767
752012
771625
717541
438602
259564
630431
435415
429115
062355
926476
952206
452549
176403
512536
395721
727110
964412
843400
638267
335987
643379
437132
171307
150689
609855
295933
568386
498271
990417
690341
377558
353154
527074
940510
885374
551022
253744
597530
446287
847691
283163
583729
109945
062583
419338
833206
284610
548929
436389
257406
140179
029519
471223
485440
011692
263886
699162
809273
407824
786804
935808
260588
132692
553870
462153
703632
615786
108790
415368
738513
683635
763545
671895
278014
521583
124537
040169
029323
518547
146085
609135
510168
332107
069871
378489
046875
954571
405426
539785
959862
371044
764201
213069
462354
730920
046198
355629
513226
381029
719094
249637
540684
043977
107581
537839
456826
126559
986544
698915
509730
182558
861710
014822
838507
989267
423560
034289
158304
835904
556951
389564
124136
586854
963210
463799
352002
104268
804083
612948
375654
989353
178531
948941
724219
894381
160410
639618
439622
634729
252008
281050
019348
247588
940215
488291
512610
396974
320657
454831
622088
018688
524611
256532
417443
562156
179215
824300
274695
989505
060357
543091
854186
186313
861239
827611
772900
913707
726602
316917
432258
245907
154936
811246
027017
484190
130618
075154
112542
502600
353877
091577
455496
836676
608949
257149
073958
472052
734955
354958
028428
546652
149597
308965
565754
658407
617018
438721
678359
142873
072943
126907
863881
933863
936378
542830
195840
034016
585874
349165
206655
338187
374897
100976
976631
572472
888606
016153
856710
795546
576900
102153
086794
230822
099334
033875
240662
813066
151305
544398
248758
885500
121905
636997
149603
146394
965708
262099
256789
239456
112853
734166
757013
110207
424696
761692
536146
090573
430747
926503
461825
469615
947761
649239
173565
803615
325948
822097
759790
453871
118697
208689
601905
468098
872016
705962
648202
662503
121585
080164
594032
518659
309058
864370
496771
628939
095028
609194
532278
943760
774200
418519
687092
891722
352787
559273
875094
964503
078105
806942
905150
056093
354431
235098
397324
196063
674504
470293
311732
477429
803900
864862
860635
526374
608312
775171
482297
511868
135237
278001
908569
344389
174620
125286
213461
361837
413922
973052
403071
995043
015984
202217
012842
842317
793348
161319
263643
123015
294933
249808
131097
384019
089213
911194
885695
958152
978924
507489
107962
056921
438524
336169
789683
521765
449375
949085
129475
530914
622893
631251
106433
758405
543401
369884
585046
679890
879474
268471
793578
993202
443635
123990
517400
678364
064279
473581
787825
885059
900354
253024
842583
956632
347404
122056
281493
621304
030432
538504
538427
695246
572826
241034
054652
398418
182384
367904
398495
010137
490219
897614
839242
396376
364622
687076
085023
272182
143670
771839
267759
004428
133606
036552
983076
154497
356442
993154
678568
793170
662487
894766
032916
525720
384982
024510
251429
363891
736322
552985
654682
362741
613280
893065
292815
052871
812459
455316
197382
900147
878815
386216
227595
501768
345230
694124
954980
051478
437190
014183
019426
835624
591839
854991
061364
918187
496301
399605
458284
914136
617361
632873
240328
702829
412578
610183
457888
760790
267064
892561
807097
167670
953501
172629
860391
145104
695831
972375
809347
161039
734978
067989
633182
259965
264854
804947
689154
804342
269210
671365
649324
338447
429896
351845
367601
397247
122046
228067
514867
805688
357622
897284
244860
493016
843613
054085
631705
243017
758857
116264
180055
978264
536211
234176
562399
526205
541810
284134
712550
376844
126763
586197
471467
643320
306945
980012
322876
611087
013722
996425
275884
819346
086033
310188
409369
867643
021626
832702
389721
959114
739426
652781
226543
181439
715083
490057
943039
737590
346707
680621
028647
084416
095354
942749
815635
007288
371972
961370
388117
749080
970358
724850
217404
179585
242123
346721
036518
201792
643575
036885
727098
263279
966523
897573
381195
510624
992038
120156
062194
384926
158107
068553
273229
108651
084505
206301
803486
416994
521107
699172
455337
672849
829047
452914
341767
539093
671844
793981
587940
389063
572495
078042
267437
933670
638697
271574
600342
374860
515689
183587
636547
582856
895260
832535
846891
935037
576284
277309
645429
223183
470836
872374
610983
197334
012839
576621
785510
576411
623090
533794
781303
577931
467314
297345
037552
782116
034087
964376
084930
464872
625894
954213
248752
204750
091055
315056
875265
739392
636088
275527
542413
489598
773895
415996
673286
305076
831573
302944
389062
976977
716975
390575
720412
607846
622595
238297
309642
210248
295178
587772
515860
304971
094861
358711
617426
739705
079544
489069
869965
620742
251393
334849
818229
260418
740623
394123
584567
390502
431005
503574
437906
705414
888679
519866
278935
627675
539997
569239
511987
872218
727034
565814
980927
006584
025791
690531
741904
845407
289295
907928
555803
613579
606548
542079
168820
258775
131662
903673
327968
285535
826958
819342
592072
751199
711509
972641
240296
229341
335815
252654
192102
374568
044647
662193
008835
450311
353624
685326
416450
769826
720641
754149
843531
180712
968438
546028
769285
842941
578029
036194
541326
765237
272598
433517
293693
344021
864972
441017
881138
520946
031421
735330
281402
618294
023170
350839
753952
075206
590047
204392
655215
648177
251968
224486
729645
875473
096974
914084
855064
371749
167583
843995
215480
751922
552868
534873
150756
437216
078349
249830
123394
719709
692137
501447
231802
462315
625042
578055
340786
027764
822185
434264
076897
719377
515072
684511
937070
223843
483920
779009
377498
603896
317465
558162
491550
764220
791132
062184
589604
650279
239816
427632
706820
753651
538993
625256
982613
153369
627956
638763
526839
943859
069840
679624
803216
967521
298084
052048
879942
038598
453168
457382
936641
760436
935301
654493
483821
818632
529001
735524
627217
775611
778025
966239
399620
571596
361938
018302
905822
310885
086616
299386
051365
341104
768713
401158
365610
323950
822909
252407
091706
619554
778648
802769
431807
304959
916873
520477
316790
220555
593170
877926
791240
561744
703848
398239
493132
849053
542289
046401
637945
612805
756823
057048
012413
564352
967745
325964
931670
403019
852796
189034
616059
472834
740900
657142
915960
210068
392791
477292
491675
505190
019573
379462
828970
261362
081352
881208
208216
671642
405827
562988
292449
976429
392061
169298
819514
156701
504219
225398
599470
898421
940193
450236
048772
259414
110768
923688
051587
535272
933651
238957
380934
591683
209647
620085
914582
520076
464751
721987
757125
828493
660847
510045
853853
332706
529014
488050
746742
289700
920081
219470
259504
607682
478491
396153
350294
784690
431846
483970
194930
095328
105442
116948
946986
174780
902736
453401
868149
197667
450978
973529
324320
746827
595971
551888
186914
550841
468221
359382
559377
267005
766583
029955
230067
914351
862891
762351
726835
422695
341647
143985
294970
604637
474253
489591
847924
339066
663161
837996
426297
545530
947592
098217
074628
359895
708634
486542
998066
950621
038036
805850
134051
627484
071394
020017
795092
230327
905304
588346
933080
296711
056134
633921
975819
083647
176258
839125
824946
293867
205774
107310
919026
746923
541768
202350
447962
268337
470580
420512
265231
564369
788189
982468
730687
981214
802428
489537
024316
178385
508679
890812
837551
936583
081429
046937
062951
625970
204957
683430
286595
519177
404065
133281
513598
981795
757113
570226
024793
050253
060934
366986
380429
155816
979061
783162
453950
756065
956043
040822
812835
524070
379206
888109
288173
946014
695403
500324
758414
078594
182645
316602
903571
561949
491785
513586
947859
710538
729631
265248
367231
154434
559625
520551
500696
104230
047690
392495
881791
720821
157237
608919
869967
466821
382252
189906
279171
776582
408779
792244
082845
719056
164487
486381
019033
508892
936859
329597
142899
304138
954637
142667
417630
768641
712608
402639
101689
641932
552412
724600
319269
469779
167970
982253
858300
473060
612036
746918
001442
198773
572704
949596
053291
070789
133919
504467
891836
941407
624511
693478
607138
379768
925501
369188
883944
650045
092841
121654
128715
050896
564903
418678
535268
250484
676017
985066
653992
628361
086917
161589
302827
557291
692834
534522
618944
789213
335507
174760
863075
473921
788940
693529
525370
163007
254066
355910
081846
145346
516010
922036
309838
208511
991174
607109
001437
814312
625203
544768
097712
345027
263285
409084
396206
597076
487975
592851
269710
013849
717278
720041
537932
417921
140237
034618
435878
505920
352974
045622
802667
044765
637959
042373
276841
358855
576590
083493
750172
181678
201743
328097
013739
593552
261452
590840
523926
896607
120395
567867
241584
810793
772964
138772
075791
304258
958507
142398
613790
026406
732683
205933
632221
205110
886360
087661
701186
064795
531489
720324
793021
730590
206938
161893
004352
029084
090153
609496
629143
999325
973054
051245
083757
728851
572918
013614
356978
139050
649591
587492
248787
073934
526751
319523
347890
439061
546289
196347
975079
716452
486350
843347
543801
589747
791206
003722
808506
796654
740053
829409
623528
425319
270095
157328
796322
023579
378903
340635
795917
126860
428682
140885
001436
094693
848211
305434
332161
659355
927137
220194
556169
742116
187455
209858
473033
919220
859701
448730
773430
962279
650519
414106
293660
370403
796858
981958
886173
062540
912815
938279
065601
755133
704230
268758
712036
533906
069397
281272
068427
234626
175617
216785
091516
104225
746507
741197
904450
834719
504445
562945
927196
265394
058848
728831
725615
722020
580211
488762
128272
913165
018908
652381
406928
937787
890856
280479
073565
371382
372490
094513
065567
280017
842327
879006
347428
135488
357665
699082
620867
647873
376928
551497
807375
380805
838451
509120
392345
099365
408301
452190
678216
910455
142598
230965
795592
431196
687543
686413
790612
952686
621293
748628
429885
743524
218468
487022
415446
270853
392772
667119
931614
233189
041616
750610
780162
936597
380142
719495
605352
096045
476465
908031
652205
334705
201167
467252
377321
734865
726998
373832
833752
598833
280653
768649
217411
961243
379401
371063
840509
115633
657897
027918
926127
141603
935985
786056
480332
664122
117201
158816
359324
690153
026640
804871
327481
065045
410360
574497
745235
071800
297308
684565
908543
768127
486341
720127
389837
428176
985417
745093
393294
342044
377021
981465
749136
804621
350314
172107
563772
348650
706846
937165
703628
983327
737282
733801
663989
473021
111584
189416
936241
706710
130322
137502
462108
623142
057315
757358
972750
116967
354691
901291
227861
658600
733530
609162
824695
306798
575208
405108
571460
850807
645584
752080
253790
971681
129604
469842
789225
909310
417589
727453
321586
059503
207156
760183
615383
063850
271923
431643
406607
109404
176430
647497
019627
143601
834089
847137
119304
133594
149332
862281
890736
846294
753128
669765
517236
664074
020647
914241
691626
662540
601053
874093
166890
174103
437803
661802
399200
963283
208534
904163
404066
425334
208954
248793
625236
694683
381669
688055
604288
386936
754445
872705
972605
058617
189605
189813
695198
512861
624699
719736
128808
534614
231946
875230
928159
681921
194162
904680
352083
713978
690237
298442
776144
785808
937652
541485
589666
297756
221877
752449
095566
089194
220246
105830
827905
370460
750654
013990
632110
934560
487661
855539
930890
179435
915115
352529
746267
650712
685684
041964
231694
305390
142406
461727
347590
038430
341757
200914
720873
075678
770213
964772
208141
542590
369517
897061
461076
485162
506232
021552
432874
547490
956129
443276
514602
074230
044634
087154
534793
081043
173707
209456
611514
890720
954732
321693
826591
617804
037829
802966
680113
306409
334786
469589
141589
446759
201815
912713
182048
934184
540443
139273
418081
830326
336107
458635
420532
422743
446423
348502
194495
546414
865013
541377
518702
890265
151240
069354
757516
387280
595164
785933
768261
980671
371299
434271
218676
565809
584402
213066
608158
539373
817847
950934
916042
819676
740961
355039
294665
688112
814985
856626
406077
860717
318605
036522
865140
788642
950084
043260
153070
217086
728597
631848
324901
891895
658194
790645
372628
042283
070123
600325
108614
672688
105348
483974
844129
821894
329942
995638
714572
892321
813768
741686
332929
312479
283354
500368
405102
972364
735584
180622
701849
059102
753066
693112
310081
677507
695379
069156
487303
690131
846011
564808
129180
835966
895126
327584
412038
956146
760169
881635
983398
983040
645631
003512
236433
125869
068798
074155
495261
502562
995623
037150
052790
417933
821005
932630
448037
421585
048674
003668
129711
455903
010383
138821
216378
201482
210367
494383
754864
707498
110360
605215
503837
342672
741218
132965
280744
723701
186152
002974
460900
317225
012799
716194
679018
914837
309405
734175
703962
799006
705461
218667
449231
712642
255083
210628
728954
359892
912894
524958
219862
908215
546109
647080
010569
612457
124213
125954
593847
657648
982637
975208
774386
637740
084720
281533
521670
893260
476533
545303
660799
598678
542128
312685
874754
714769
491632
568419
062812
050183
858763
652370
046239
735124
027159
560841
350534
304158
277345
233767
420606
799264
907590
176987
540961
323044
017204
683832
477742
805416
904992
607988
615438
108937
879097
761797
487037
502688
219881
200975
512958
190241
716990
747124
688502
743600
112052
017678
614360
816230
365408
305182
946084
242516
477058
520780
113970
907146
315238
450073
893385
446919
164295
922830
323061
845371
386804
023851
911247
318195
362441
265712
019756
971315
789782
833024
625657
164739
478405
886509
935385
246270
485328
815238
021940
636214
034896
334812
557863
515986
221472
035068
492217
248317
823409
700860
453600
584715
145641
756570
942517
708655
815187
713819
979044
100957
820577
561398
634513
549102
462908
555060
283059
790909
193737
845280
903272
915404
893460
505387
873091
691671
278299
375536
100229
603692
673370
389611
379603
470515
722590
380169
486104
061318
968434
583211
762463
468822
254996
403153
629678
840283
718428
678782
736831
143190
138627
601519
040541
624058
522036
374215
840609
996556
107343
279284
569249
894533
521192
430801
872872
755456
236255
815307
254350
504735
537469
640575
523678
495786
490139
859211
676193
421674
306549
546092
625191
996463
641286
209519
810481
584905
107756
802366
139973
137257
423565
095398
009899
355958
631221
073179
040591
826086
407492
604075
204304
631526
840649
810714
943089
709926
512407
279805
204150
067962
444637
747692
143538
496530
568902
342021
507942
295167
106235
379749
084838
317242
134526
069433
896357
313667
749100
971093
720787
128813
301009
280837
669882
864137
855736
629183
505984
083229
094250
805346
720186
073126
841213
087436
735334
015689
742980
562753
070243
716212
823957
633485
714415
812016
301887
920985
285344
067434
453273
597229
086900
594128
221970
272591
214205
442870
974970
538492
896365
933143
336778
825487
039789
956642
163247
316735
163754
982307
481673
850096
733455
827429
656319
241056
178968
636728
194820
282355
835462
464629
951764
808112
582564
942754
400917
377087
243781
407457
822176
014488
449338
881690
021459
534901
614592
352372
097523
723479
712476
036469
808730
737467
259862
342755
384186
192463
150773
305825
687810
854366
108091
363100
202688
184720
033257
324215
791060
298964
886391
157264
358470
495597
285160
563182
185950
403374
631372
510237
082893
726061
544617
020748
021600
733107
736820
407858
533547
759052
068681
229642
844285
151951
202768
479568
414087
638431
681928
539694
756008
819596
009248
103057
294193
756425
625409
569137
002803
049751
064125
122821
292726
482565
844952
827951
177583
234353
814526
205797
497275
085615
288620
932115
800395
243902
864894
517193
053157
110574
756481
870928
782680
587331
986283
590640
589934
281065
682126
739657
910550
957623
770295
571328
734045
706745
356470
969286
044618
311222
204484
046742
403518
603270
473901
490742
728939
489236
167660
019743
238059
511690
031255
114840
678192
600525
745806
721671
932870
602951
986984
371169
613775
274054
152730
257087
571008
065703
931605
705289
260389
621832
053513
490714
791512
582005
881762
284077
013655
594503
537626
535912
973780
435369
606355
615432
514732
974947
540686
365157
486827
640722
470374
126054
862966
793163
132932
476518
558370
731665
329920
213866
044830
519047
132716
965714
459690
637093
768819
208094
507013
178051
471084
932590
223907
012746
980535
943772
236998
309358
553633
509455
459663
322976
021353
985441
532547
824293
701702
203648
358140
792887
123229
790147
662704
716265
609213
837364
514351
997657
926984
740617
427116
300167
038016
958948
341486
293380
261465
120434
829730
193450
031149
836237
392295
487509
422871
696714
724890
201538
630768
049170
415064
857749
249107
125613
915802
552768
509959
962360
163678
215291
450574
622297
240285
533102
762605
537610
219185
216779
954877
646962
432599
217360
782174
384329
851582
202844
051921
614235
422576
874913
647803
635028
535801
029194
878542
818896
441582
500477
433591
689541
206832
214010
838489
656368
053871
381198
363948
150893
454003
159216
309835
852823
832545
606503
206308
208735
140190
131855
231787
392029
659327
275180
067187
016140
871320
208307
251089
074266
029041
713504
391847
402052
967018
622768
037539
858824
639255
852136
377909
105972
636404
410342
696475
463697
375247
678294
982162
847612
368941
253460
483966
132569
560546
252149
308994
853883
592382
344617
842559
639135
536431
339502
079372
214869
342186
266941
396250
781815
806933
789132
381717
087239
436052
501817
792131
184603
664375
497220
889565
907842
089613
474303
233504
294712
236967
705318
065787
725413
264086
193669
265604
279434
082303
701745
543702
895639
480219
312970
279144
663873
563084
210728
987217
812158
197587
721729
637535
217330
752820
198356
078407
235890
451979
291701
452714
819934
159959
217384
101928
997146
629546
070228
541427
055890
740213
259097
234672
583465
281532
378568
558014
462730
240795
179188
425715
138160
052085
294402
994497
213978
215135
696388
170725
024375
645732
958633
601137
021577
707983
610956
594863
872428
780102
651496
659521
425640
612031
526348
679361
394591
326951
295458
698786
920736
341883
453892
813377
397440
879346
385664
176952
541250
463992
877655
876423
435398
915184
958238
637551
685051
045630
260123
698378
145613
967234
332802
070685
073802
949876
734296
285548
926950
040144
862309
543154
976507
457249
522398
961698
341174
517294
728599
084621
189277
060541
008146
322684
302740
434673
912931
170314
671163
929930
614217
018946
221668
018184
855678
535930
508867
693472
591480
730035
643043
233543
709509
356710
629171
956307
260167
609456
062319
851692
901550
679490
901960
132551
605172
524480
742147
523129
638795
947658
689142
408723
428208
781532
742964
617316
277196
802397
554468
129365
669147
091855
077291
266813
730328
960532
941101
098259
762009
831626
620301
223460
730533
271902
071850
360860
945162
531979
870806
733291
746062
920924
103806
830225
314040
974198
974010
313183
293848
518598
864770
263807
858301
657841
084537
803215
492251
626945
226156
161875
192056
049128
257322
371492
703478
620834
823527
519002
037885
152397
726530
635910
465566
282457
527409
824716
758029
225910
644687
644784
961783
699345
651789
957050
847036
236256
896201
623549
092925
925628
359411
440516
662439
912109
766011
701038
997404
973568
607387
391657
527871
089452
997258
327106
622046
002741
438119
030511
567213
733494
252011
701453
734986
681460
670261
528596
720207
237604
743811
861567
138728
987513
265975
683743
067682
092165
212450
294316
452352
172850
437930
515962
929255
524716
928934
587637
644065
802043
932415
913280
704447
129696
330543
042440
718889
644123
416078
065967
825462
080646
055838
237529
862430
665829
637203
017480
619673
078757
727810
797324
429758
704298
090631
299173
641860
480372
841199
817614
740247
225416
149825
846302
283963
463641
078958
858197
464148
508092
032879
715476
802953
660758
631945
077889
493504
276650
960653
394489
807689
626371
892064
063178
125755
675973
149607
784129
943481
375054
402136
452382
769437
319360
515144
845320
502239
817085
542950
965143
784324
716439
194086
341902
574329
674903
520637
713905
238719
205189
478707
780715
348269
105298
896976
523598
172254
447250
403738
604127
891557
753582
081261
121793
571934
532035
486891
639834
015602
963410
908519
851440
569277
428701
551092
152298
041477
952166
815475
569997
770690
193517
108594
629507
806265
506263
245890
067945
126433
056962
858160
346136
192256
939450
761238
241873
559436
891270
677113
985139
731552
706852
853205
066313
156912
389071
896832
027516
746410
295435
135869
039176
632671
591437
774955
660545
693849
410822
028502
503381
205416
987473
846944
928576
999857
089802
102376
961486
273664
454957
981943
387524
971674
947725
840558
660347
398359
558573
294864
918503
493661
164372
759213
104919
156490
392429
636298
747625
425126
974123
306819
982617
769155
543097
443816
619035
644146
723168
495944
692387
832102
047320
544887
077396
812729
766218
945331
266443
082709
397383
956230
601825
972411
356910
212716
187099
954256
720618
508425
471753
873789
096351
924833
558294
184906
786494
364134
590867
665892
171243
002248
798592
926036
548950
273587
877831
129463
463131
956171
065748
588306
542129
642096
986486
086649
693894
136329
827042
883063
147292
145062
105571
864870
745308
784932
898035
721582
918069
430289
396082
690489
408755
819251
409617
866802
282309
493960
060263
372469
550275
351084
911216
130963
459367
379073
436822
428531
455778
274586
011524
033641
477247
410252
049801
293885
750347
514332
248263
542304
764502
356433
623961
080912
504655
379273
915349
564234
117304
428577
273463
228919
826340
265858
607938
286780
125246
122058
797190
013475
149965
068478
460855
403168
904606
108389
604199
214643
419257
533476
174229
592010
204192
787852
468652
592260
185275
558424
830415
031276
699189
250370
515079
178607
092539
869114
129713
658177
947716
567659
643593
478572
497804
010329
906846
880599
527416
066332
457369
392207
900867
112035
123475
836306
051642
941237
748520
518880
538396
154892
258491
569379
282597
406972
790553
571835
493707
643515
894406
087955
953060
655292
373471
729330
947164
022067
378496
252079
163439
482879
331472
074522
540990
703053
955429
396174
485249
329366
573634
380461
322518
279797
899107
865063
990230
320463
782253
224401
715654
243318
306555
157862
788196
736420
068947
402363
651849
652851
562407
950849
320308
102496
354778
183005
701976
857563
421886
801314
902381
408524
574783
525835
947783
661278
581537
375254
184607
871026
745423
957308
471397
266570
064307
698779
390168
058392
537660
735889
652313
283939
289818
953544
209931
430953
097507
725041
313106
184227
274674
188731
408217
162068
385192
299505
548171
981969
097818
061757
718568
652090
734082
157248
272604
427234
521545
828589
126197
291042
213470
662010
348574
672873
140901
714238
328790
228773
618913
504393
318296
446093
051210
128436
345522
460731
372964
770410
877946
158167
916126
418219
897095
802356
328093
949036
879414
316809
608847
191970
769517
673527
942347
917871
350493
713249
734573
347690
627560
123840
337202
703805
758361
703291
148550
976604
352941
310904
996802
093561
326583
049667
821597
866150
662053
310075
794053
658092
526506
347892
142531
376158
568033
188852
395729
584920
668476
448018
620678
864365
147395
195182
017073
218100
076958
078267
239561
963872
671280
304433
674214
713866
094978
063973
298406
939108
070924
475934
518791
160852
169453
192162
238556
511162
322496
949954
679479
105109
371281
912973
016848
241776
213398
636902
975246
712968
594427
846271
460881
315628
263596
763689
372159
511660
358822
918867
070807
957980
392751
149643
901445
804985
552680
460352
680051
696572
603872
137486
285428
746313
782263
871857
161378
241367
387941
807769
692041
574172
751764
079128
198940
646825
113940
402968
493632
241651
836625
582259
675028
839273
446080
495603
950476
017654
482924
719282
227960
716248
654181
371560
582694
198583
903906
580837
286215
577740
175906
384206
429067
080668
453075
614574
465426
749066
438017
530068
783291
454579
267350
577864
670802
685493
673799
056437
094876
968145
401594
697081
719569
267083
699731
258664
986369
943017
539420
915687
858345
962515
186723
218635
914680
812979
020605
878497
196753
120043
981624
307952
820729
345490
910943
395384
298093
755030
884230
201343
706442
950623
769121
837822
722801
745384
768993
679112
873912
537364
682335
462668
709024
765254
872319
082129
607018
400570
732014
275981
038540
824379
356142
364706
391492
602907
264767
309677
980712
958632
268779
956136
608908
397375
530224
511680
517015
866203
876905
315292
195653
133061
458422
010752
406529
030615
261413
636208
672654
107635
686904
867446
933512
713259
041017
937125
679552
908171
502042
984158
196273
075561
417719
264978
256039
131595
343112
489905
871167
983291
506480
979554
790564
832947
652103
366546
971439
658852
051713
414194
519371
889720
466783
451596
687311
458797
801077
381450
132894
500979
725620
794219
139763
958643
123367
580153
296233
212518
094902
189702
873084
416330
027751
701329
341406
457009
594246
821954
473603
485148
938429
052691
416629
561308
364644
910808
518916
916978
436805
774035
109470
142690
096445
660174
868832
847068
312997
346327
352406
864741
593691
838127
312384
494156
558906
170983
839683
803129
908446
781683
483983
026843
370726
960264
488567
603390
251633
640183
486871
234291
386314
650147
241656
792314
830849
146279
130455
971182
713177
606334
175716
041323
525209
537990
602763
600239
574661
917238
214986
395993
083430
056614
091995
515688
706803
462088
462541
295117
465190
300844
666773
905872
977873
660754
047919
500898
872341
198617
600638
859450
567935
546699
998752
864877
136995
503408
316315
744094
914034
311776
663970
779965
701125
318378
406991
230886
807166
987029
482245
713962
182504
779032
638990
006647
779724
496643
321011
649987
720648
634178
393012
715351
599851
490147
853364
690870
369816
389201
844559
379706
262189
318297
914753
374086
804281
290886
726244
691122
120902
993510
899642
175845
094113
049371
057519
824571
329761
122976
709394
788706
290515
672909
097318
929307
194187
924811
381838
279161
670539
600695
520235
024309
033165
752384
871877
436458
669792
405391
197468
779813
568067
637818
317880
706937
032583
402176
508381
475452
570663
364958
209438
263781
391800
209192
576678
848723
273682
125431
061389
382288
924541
784992
089302
131582
807654
568411
066748
437248
043580
570322
905235
668057
139601
283494
617512
134813
634429
759604
641657
034248
966442
653741
042489
258104
739483
752001
675046
658125
233926
250593
877945
630028
253492
439058
174853
254176
932618
049173
832875
763181
805294
575282
203180
670379
891828
108276
616741
905132
986164
259767
672701
137914
736660
981456
215340
487386
348572
388004
419006
326644
850992
435730
179724
743209
040217
437251
131438
820641
954523
201379
684815
494853
616563
717200
620543
605547
068061
699019
523061
902216
573639
648431
283273
421959
231942
108919
235817
905213
192281
804709
342912
320475
106283
172712
924236
730357
530481
701576
904154
135163
969340
579277
970760
016698
273606
971101
237730
422895
312862
883672
684964
387041
723393
936269
355620
821080
812359
974840
260701
373908
063109
835174
936023
507985
605494
499316
823137
624905
773860
728805
643936
168854
445855
509917
359488
892645
693805
384137
905243
696112
360971
770294
761995
032413
734374
873285
452215
501126
029376
316670
629585
736958
409705
541023
099861
405840
204796
856482
511789
754764
248369
428517
529714
846969
394051
748731
002582
795394
738863
660377
186529
204511
125291
095538
004723
155030
414187
745195
418637
957667
137021
893627
323416
207801
632871
050569
004122
260957
928786
438703
190734
589101
939238
542100
623396
704529
064428
136380
214296
849920
872015
617413
005205
811018
139858
039231
764528
137109
055647
973468
815277
369637
682882
887596
637110
429978
700737
822015
957468
903241
964078
842705
130984
410524
232876
943685
688846
074550
209489
602361
648141
130975
695635
865097
252571
413912
827427
587528
956834
075042
956286
724761
702531
017056
218699
843409
915212
852123
920762
205419
448327
013100
969564
903817
439114
789130
550698
582159
509717
324161
265723
658099
817605
654528
096801
087835
799123
383371
647579
717428
183793
701876
598230
499757
156551
637065
487150
146743
121781
392460
074306
465281
731614
130201
232571
932410
380409
528987
201991
763508
769756
793320
394962
611069
345543
843124
946354
709832
178473
231957
183232
446003
903145
460528
520357
113752
626137
187583
659530
602798
541832
887725
819860
827158
774043
295613
315278
123047
299485
771008
415725
399569
445269
928173
920855
825466
906689
650361
902370
412881
467145
578014
919738
245074
335086
528873
530069
981316
528601
403641
926260
377244
774682
509250
006313
434185
867938
186202
158661
859730
953458
022049
837495
732897
906478
583624
260690
398776
361744
415842
732955
742647
797406
168098
205912
157799
045723
972755
894301
150443
862063
195861
680614
178561
011487
134106
051337
647791
004215
536106
477919
438673
943326
538535
154315
970384
406021
875602
054195
248903
359016
074703
202847
528147
192907
787438
660324
670580
904688
783897
734808
196075
679108
138817
565433
651542
278612
663335
090477
141759
578699
963592
463092
234119
988459
308202
520751
283141
254666
761729
324393
536758
767442
543213
956410
162984
549426
846722
033712
828901
973510
451018
090842
219031
475763
341761
338873
269760
810088
894361
521833
473886
329140
713948
283839
863427
439428
681132
410878
988550
435887
278476
024388
567247
156988
594015
384410
615602
553953
575188
659883
736397
031926
540782
311792
132540
914502
790698
972151
493984
230921
613032
221402
670249
839111
557493
051442
122853
872959
963528
202008
645167
356206
591234
830378
132859
836289
674901
183461
735944
406556
283482
016525
609039
522439
354537
682946
014613
860251
530919
421375
245245
170046
797523
571889
837071
249536
607085
647630
255487
045883
001945
905719
638195
804495
995426
839644
467181
765270
891036
510539
992236
964866
880657
094279
019694
179392
205194
402716
305013
583591
129290
315092
318346
285450
723223
803649
487666
280727
344854
526485
199341
274815
583108
611893
741880
051091
342995
678229
078148
421540
570486
257021
079359
745583
351783
165411
345692
647002
327613
625434
303579
183854
848875
444009
298368
808421
917225
207349
026780
595240
137735
894317
317423
570168
556328
551428
817576
609377
351509
283176
102575
382053
450248
470285
758548
102639
998349
484693
834073
975134
506572
381135
083192
236582
989760
029628
368203
591076
477867
525782
649147
475596
171880
985234
694038
268133
095241
269571
275183
058160
119451
562187
310973
437552
581389
889742
693524
196927
671926
479482
380202
493110
794618
244517
207171
861686
549757
041314
104079
139042
341564
819014
375281
007892
159436
285864
258170
331526
418449
015793
390894
131507
655654
563859
806788
907748
578304
598329
633067
012424
087620
268759
784996
276914
793465
501715
709321
191688
718344
164718
075919
949571
452832
290647
086923
124493
258466
054978
193705
107031
689050
946982
866475
668031
102298
057137
346263
647240
075907
005424
251722
163460
661302
898267
697678
998403
280373
985702
984602
890354
276649
738905
006993
315379
422012
582116
454896
085649
210858
981549
315220
612552
729068
367139
426391
053914
960563
036979
174206
207652
342592
458727
861443
922766
205413
780525
305784
924718
247678
067825
695581
399025
093128
732463
143072
927496
091245
946415
657766
692264
161830
561008
369099
678616
827193
747633
503178
893241
381480
457920
958516
027584
752606
163277
705114
827895
143695
675306
174186
675883
178945
623907
439655
962365
720542
206715
983156
295831
013448
620175
251910
945542
683699
171673
417647
874421
603691
783753
837340
719725
876991
354636
030754
415647
406921
700910
301864
672841
953482
095877
659283
016322
716380
384610
566018
838011
047487
068047
128499
268957
409886
320381
281203
360846
968541
210951
448235
115852
513091
963459
921046
325199
514067
901124
491435
065953
557827
922401
487576
817907
320258
079846
071526
114361
899227
323678
152100
755918
146468
740612
182579
680990
989095
950617
806927
857594
196472
938058
163810
070464
358423
115372
652637
734338
552816
823169
290144
946554
171830
899412
569191
293806
551791
624599
781019
074310
504069
604944
561917
942520
094824
620317
885513
817551
075851
317217
404086
578401
468891
353162
710447
407316
755340
344366
299343
157259
337920
697089
095103
866119
105956
923867
887953
197875
250837
686295
680101
347860
406257
957054
767350
229441
407677
372260
097654
395474
384402
610458
791177
364710
788967
586167
489737
178095
389234
134857
831941
249800
637034
722798
901272
458736
056653
685695
479920
905242
654387
704851
786781
781323
478933
789850
551701
413632
495768
189328
424840
398727
056491
509662
315637
749299
561847
496091
803298
946593
439876
785394
002973
234390
924700
932467
933154
192657
746801
573864
630110
411800
682381
250490
195765
604196
277986
853070
141736
599176
714203
431785
967741
892530
214482
688765
627451
816245
287494
075405
378590
835982
538197
163526
642237
677117
291922
980985
492131
542481
809495
623301
458742
019499
821415
434206
169105
792434
675098
127946
771940
799251
266789
154882
263671
109096
851978
219627
133680
617874
883053
164461
711224
581308
332185
659749
729626
762819
847934
675629
978186
597496
259778
572329
062849
481134
207237
180475
404672
537832
215578
305131
845050
487519
988923
215852
417936
091784
146835
703241
031379
520494
996906
727386
166155
574168
995027
218601
347705
405368
082664
365563
316514
226041
003341
340523
863354
144017
185142
348108
419812
131279
547644
540614
402369
843693
108741
300525
970982
397035
834435
833287
576071
348540
182945
819194
876742
071520
873538
465910
005132
662312
475978
778874
098860
920004
466864
453918
879820
652316
561872
723879
334167
852797
563536
331978
587010
725342
815982
647030
896341
576591
736013
269074
597139
769670
450833
629842
879286
041193
622586
351527
209568
567214
640367
378936
351357
323324
499225
856970
733826
840563
038764
913704
631871
104405
519066
560845
017465
301808
555606
731316
802371
486099
486375
416175
077817
387865
661092
036941
656848
029410
942816
040467
402497
837082
574391
081906
014086
184693
079263
329840
462981
832764
700931
939424
171574
401804
135603
965510
988169
822420
107480
178346
927071
460309
820401
961960
006224
831072
472304
720512
975234
198809
643215
398151
010026
337489
638080
916869
007124
328621
152757
897563
157974
611253
751518
108602
614238
776682
950264
835761
612753
511878
058715
524041
886764
832692
948056
158514
937703
995748
798396
789604
143568
656529
904853
220884
690181
137162
628855
212685
981367
039384
414821
120097
790712
850987
068414
749783
671287
499035
089532
489303
216914
816728
222600
668198
697814
014495
422908
109852
309648
152610
042861
615679
820962
950232
457482
586670
987593
653738
485405
874826
424425
217957
013082
288713
480275
560238
181624
004209
376130
869771
980421
772641
736919
830527
964306
521065
057424
562036
992541
078962
265751
055725
487026
053320
239042
430352
357586
310034
965370
500460
853680
365692
010953
218753
200484
454268
502241
305610
105372
860072
274051
360084
786778
832645
040156
946595
137980
687763
693173
189640
053947
588359
586530
566343
032551
284516
915216
716898
961086
256139
087005
150364
625419
419039
787563
449318
042673
490278
490672
096947
227746
913471
366859
251857
679574
479410
214654
635410
850631
361512
155219
114903
640950
082975
657873
091508
569352
346652
695937
493544
146917
725724
418609
492027
813972
575213
208524
075294
298357
289783
263840
476796
471646
089576
786353
864840
215072
978628
657117
552006
960862
517813
693512
917352
622774
967980
421535
052266
719870
264792
166919
019785
279027
071432
783595
322027
495403
937203
795019
913370
968206
363680
259512
598784
902537
007313
749605
641290
903882
958425
874517
650781
816004
864238
687250
568279
214476
672426
676610
355966
862607
083770
167359
718363
066543
535640
253631
328160
152940
070773
642680
935671
619157
501149
504003
323647
837443
264397
619674
285780
372895
199357
578409
580217
320777
207196
908274
554676
431040
140925
310079
234797
089627
929105
428619
013151
743465
563021
943540
049395
303441
864262
283360
551088
368260
060854
181490
105205
528476
008533
419032
722116
923097
931250
362212
823765
039620
596750
654917
027896
913884
347551
704205
393026
119217
102952
457498
466231
661038
169730
540567
116405
416206
591537
304315
543086
889216
532151
380176
441957
051985
153226
108690
602423
329621
550226
538917
674668
445710
873826
867958
995538
178562
517169
946672
640661
490553
168897
946473
648270
652356
328993
098096
400821
028413
534240
768425
208243
268515
607217
194635
590830
858459
567597
143457
367137
677865
688017
891401
881774
707318
750895
515529
630530
207346
806563
647946
070986
640124
560385
743981
781769
165727
735401
633546
340569
086682
546179
319241
381954
464158
966551
247388
340755
169742
174194
907055
131539
210375
135088
469543
317608
401078
180106
106290
866538
060571
884900
171539
747642
238976
616492
037335
301684
872516
008516
254529
691894
407220
020459
886410
091945
745805
416587
513263
542546
155534
191665
606588
004937
980370
005927
518677
812326
065247
872216
260750
272951
604215
602903
098430
430155
265892
063671
669254
470188
024594
678491
673681
931768
302980
393506
520476
268138
787104
069107
569050
617204
008191
780639
094603
074137
175955
426090
262549
446913
550149
856063
064404
192984
247608
281214
124736
062588
791792
629701
825509
346579
889410
443088
936114
544015
434627
676130
271504
175099
480235
177190
608223
157287
375309
393146
546075
315768
175910
320114
413012
858291
011370
858033
161425
793579
617761
059481
558265
492281
714684
323199
168494
527944
516971
403355
907038
056041
988360
130461
856160
822903
349364
362208
157870
085251
476338
336472
878516
717829
257510
191465
180783
033865
499772
713038
685520
642210
421347
126538
304615
785260
695589
795681
085871
449851
744462
075657
066756
356987
829679
192216
668219
400920
129754
534800
344621
523392
361839
020536
784502
882906
776902
681013
682579
893321
638403
373891
589014
254101
781363
559985
346882
204293
281086
762899
821174
308677
637456
239107
671120
631789
674120
765300
427770
911720
783683
011523
527976
258914
041068
375354
305259
514206
962443
868572
539115
201552
255922
479213
452333
182851
607084
759684
070954
634509
140479
609576
884515
425419
802140
519612
901831
450983
515244
239105
512911
704637
007958
402759
702853
278852
003718
358181
039786
226663
001396
456010
805173
248199
386487
394837
732603
941855
998320
770082
747609
709190
059778
827495
210933
991573
365229
806491
420582
930121
422484
174795
534704
144932
580403
831429
094322
548397
624285
422632
845235
632568
056453
454857
846463
095742
821450
160559
779614
621800
427391
121846
135089
378864
277091
716812
397064
465347
